netcds <-
structure(list(V1 = c(0.625309822964564, 0.745018088109699, 0.334087200735216, 
0.732147225723517, 0.240975197535358, 0.884317304481757, 0.540289453487207, 
0.983452356419509, 0.541818918348278, 0.558279701586124, 0.306054823699218, 
0.271355773878337, 0.706229601717189, 0.92004592627094, 0.516502578208028, 
0.287465676096503, 0.697957515624956, 0.856578528055602, 0.632260568119449, 
0.264206075400583, 0.617161312034855, 0.892397598240088, 0.804191394693601, 
0.913242320624386, 0.800475758109082, 0.920996606475115, 0.708121228478187, 
0.86241471475885, 0.958575271998099, 0.314864768090002, 0.117336477853891, 
0.0913059768759868, 0.705825974692066, 0.900811346450105, 0.430063906437819, 
0.269767027529846, 0.897874516429453, 0.285518927680902, 0.418453287004174, 
0.566435762668972, 0.489615700272577, 0.671797941091636, 0.884079100397196, 
0.553162606406949, 0.145226343820023, 0.663014426203521, 0.812788323613448, 
0.661954866315353, 0.377325628834139, 0.428866991993896, 0.225767781868311, 
0.410530791217831, 0.656841163584294, 0.215717379123401, 0.180267814531922, 
0.201085667396565, 0.238442671980103, 0.142021505784375, 0.385010228079164, 
0.243943708196704, 0.331056845560465, 0.234778227447799, 0.632662404787337, 
0.769117684432617, 0.10038159728011, 0.500189628971045, 0.750364814663686, 
0.794141383110703, 0.854699445646573, 0.933099700818177, 0.115721575520572, 
0.88782496428156, 0.323900418356906, 0.537230892541173, 0.917865646739974, 
0.934302552104864, 0.547458081753661, 0.173869207744906, 0.495962126538656, 
0.179573369672955, 0.921841784909823, 0.664507131007249, 0.323829970846019, 
0.111008173210772, 0.693682681118844, 0.118560811367062, 0.246145986524343, 
0.77952958101129, 0.0928752999248865, 0.893291489640332, 0.867644034280777, 
0.0884865604531952, 0.0593864390752948, 0.118006825752735, 0.377083820587277, 
0.557724789123176, 0.139236296299801, 0.609332646216386, 0.274845694299271, 
0.43102017927327, 0.911106577891206, 0.766660382682028, 0.363279443478663, 
0.289445362296365, 0.439309481152636, 0.609110516516844, 0.227333939589846, 
0.62390846853859, 0.466980738260182, 0.809820475839998, 0.128991146846795, 
0.880635752501469, 0.866387533430986, 0.826433048045968, 0.751643596198715, 
0.239555195341914, 0.114929925549442, 0.474329868838186, 0.777709809055636, 
0.387518780863681, 0.225915736673755, 0.843319985184076, 0.507493775001425, 
0.214146050925055, 0.86357320500746, 0.753010884420486, 0.268415152380543, 
0.56808746426617, 0.161008576769406, 0.428045569938115, 0.222986298416998, 
0.394907326168942, 0.501109280702044, 0.548122648492963, 0.791293916784961, 
0.899968420460155, 0.572177101475248, 0.153685183061195, 0.688274766980394, 
0.466582895259815, 0.239668547267798, 0.881451045927433, 0.147679131526991, 
0.167752335699553, 0.962048028196411, 0.788285269023996, 0.787504694988807, 
0.786643367028855, 0.904715666251201, 0.942111924901716, 0.737424397580856, 
0.124307089561303, 0.26923292460313, 0.886083175039244, 0.721631149626203, 
0.154014475885633, 0.771580406395131, 0.758573706292724, 0.21981937780329, 
0.855748561041259, 0.96040829273569, 0.773060583833845, 0.238532284767342, 
0.65102436624225, 0.836457941607067, 0.820018934772468, 0.57380940838858, 
0.53263725290604, 0.436787713635739, 0.501115956728175, 0.403285951602673, 
0.353996872292414, 0.431287975329773, 0.96943970566098, 0.371151677275047, 
0.160889301466589, 0.891980589356188, 0.29827687664317, 0.419034282020897, 
0.900566139431032, 0.161013235261804, 0.12071471414647, 0.876756637174843, 
0.32588308490506, 0.753418709695059, 0.883826223191988, 0.760795042860204, 
0.682190364123618, 0.577029679019811, 0.683892826860628, 0.767882989622956, 
0.729581673876112, 0.896962363627933, 0.289463003841794, 0.311951452801246, 
0.858427220861185, 0.659804362714446, 0.908546451132177, 0.199249649041174, 
0.859490551426091, 0.613718725496114, 0.291748411126953, 0.125323683403289, 
0.270432260469579, 0.662291273385959, 0.0738277377465371, 0.732184927854717, 
0.7655543342836, 0.957839816729745, 0.853441642603974, 0.931233391758597, 
0.833977715464797, 0.757856432963437, 0.76531708283557, 0.894591714627627, 
0.0598823785191906, 0.15873639392358, 0.18606243363012, 0.846972561269196, 
0.0553243960490042, 0.801943318476233, 0.67425546476308, 0.773870472622656, 
0.838836738379839, 0.0271273972892239, 0.419230617867431, 0.106762585227079, 
0.146522236639433, 0.333659340599869, 0.104884224656373, 0.144127867897852, 
0.314550940395975, 0.463528959300276, 0.184606849886248, 0.143555301649415, 
0.163490688695527, 0.458756601655138, 0.160684851393361, 0.925416580542631, 
0.701425651000367, 0.882826364406289, 0.875640896990421, 0.8907460772784, 
0.200126935757462, 0.153082409324128, 0.308783096428021, 0.520041717630022, 
0.10335407814285, 0.817048518690998, 0.734678459453808, 0.419635747949774, 
0.385791748467848, 0.433484134734603, 0.778333775539098, 0.856977443341941, 
0.3030730582622, 0.539483347924567, 0.762312982229953, 0.878663164102599, 
0.269314379362468, 0.513231063458555, 0.759079123039958, 0.729795132926044, 
0.38047079708982, 0.259874346387245, 0.203540535706944, 0.885552502228903, 
0.865004891567222, 0.635637755117201, 0.822041262814943, 0.753140732288212, 
0.909836320602175, 0.498594332795196, 0.372741086235742, 0.478243496332454, 
0.895595261409027, 0.382264026230396, 0.924773715078242, 0.267540725927644, 
0.865515632094677, 0.140984565455295, 0.389500813720758, 0.796576077670853, 
0.67610835211957, 0.0891488457390423, 0.808474100106452, 0.681395167397917, 
0.501666369269335, 0.660981509507259, 0.606202648182182, 0.275374358929708, 
0.790736822303654, 0.764617760728514, 0.361236801837492, 0.207217190611299, 
0.892825308671519, 0.860868566632949, 0.943712716816086, 0.152423007633739, 
0.95121315017619, 0.858885733085456, 0.882288433490973, 0.458102078005785, 
0.484982506522901, 0.517640502141641, 0.849310674155387, 0.642065350891578, 
0.378678699801537, 0.0672413519009765, 0.719715943020561, 0.672167755891251, 
1.00009074947763, 0.435949359748551, 0.986653163855027, 0.411492151712739, 
0.520877938860669, 0.725066929338749, 0.392815236943524, 0.58302916693343, 
0.500896459904943, 0.683313106942584, 0.466351054340714, 0.441512760477099, 
0.323584765040282, 0.275019234680432, 0.133875829323088, 0.346898963701512, 
0.248848656864854, 0.338825963075948, 0.268485735584919, 0.39083956513287, 
0.717886948016535, 0.187663539184082, 0.793080945140959, 0.763877455939786, 
0.891277543285833, 0.950635871324752, 0.82955368090505, 0.894429880715818, 
0.907909336879669, 0.800619588446829, 0.940528822754611, 0.82613694671796, 
0.356971238513813, 0.658192127003746, 0.84934878134165, 0.794205660755165, 
0.275312077550425, 0.872916760697065, 0.30971554374455, 0.744878459605226, 
0.871754140692262, 0.407028505089586, 0.688014908844095, 0.809311852015494, 
0.191229035087274, 0.815257756553192, 0.218591303849945, 0.868483431348252, 
0.774854357430359, 0.105209018210479, 0.545846898671576, 0.804271085908779, 
0.267567678739071, 0.274605489372862, 0.603323077709711, 0.0684574557535693, 
0.0873680425150763, 0.882597113500732, 0.319234250036614, 0.938016816470812, 
0.875909955978425, 0.604004878574313, 0.395685371414332, 0.260827094189795, 
0.857965131316642, 0.458013712627812, 0.725391693534656, 0.646479277873807, 
0.257457922759705, 0.214582985137291, 0.719970363885375, 0.245524030793486, 
0.85343958877515, 0.820407824500066, 0.240308047509849, 0.29489754116921, 
0.946068378686921, 0.477676447347901, 0.242746231305748, 0.465582595021535, 
0.34298370933609, 0.191328690096274, 0.884091833850385, 0.91291921484686, 
0.848574484175441, 0.631185918557201, 0.875104517977329, 0.88764238787186, 
0.898471440671147, 0.274506888089325, 0.302310851800412, 0.692531563209396, 
0.145977955286212, 0.571335761385796, 0.148017195792266, 0.120471900848582, 
